25881
25887
25882
14074
14123
14081
14077
14085
41335
41378
41356
41345
41346
41367
41351
41352
41336
41354
41382
41387
41386
41359
41359
41366
41371
41364
41337
41381
41371
41390
41337
41368
41372
41386
41339
31078
31109
31127
31119
22743
23316
23358
23331
23326
23358
23352
23330
53747
18299
44790
9900
9919
9891
9913
9890
9937
9930
45258
45302
45302
45303
45260
28896
28882
28895
28922
28885
40291
40275
39516
39484
39529
39509
39483
39503
39490
39496
34665
34622
34657
56589
56611
56599
56606
56620
56602
56629
56607
56641
56581
51815
51804
51824
51824
23906
23925
23939
23896
23940
23906
23911
51294
51291
51311
51319
51279
51290
1824
1864
1823
1865
1849
1821
1818
1822
1829
1832
1832
1835
1846
1858
1812
23243
23238
23201
23187
50912
50908
50949
50904
50930
50950
50902
3754
3728
3780
3731
3748
3780
3784
3754
3756
58532
58524
58557
58516
58561
58545
58526
42215
42186
14402
14452
14418
14445
26507
26509
26510
26522
26466
26501
26472
26493
6876
6871
11932
11952
11931
11961
11909
11921
11907
11900
11931
11926
11913
11941
27412
27383
27408
63538
63541
63557
63544
63540
63520
2422
2445
2452
7020
7015
20197
22484
22476
22503
54868
54884
54859
54900
43980
43981
43967
44001
43990
63782
63780
63764
63789
63776
63766
63741
63752
63746
63779
63770
63760
63790
63804
63759
63795
63758
49341
49368
49344
49385
24739
24684
24713
24682
24690
24693
24690
24742
24691
24712
24708
24740
24730
24718
24707
24700
24720
24699
24689
24694
24744
24718
24741
24707
24692
1184
1204
25378
61009
60994
61016
8725
46139
46155
46113
46155
46144
46111
46141
46135
46136
46108
12829
19026
19044
19003
19048
19000
19000
19030
19013
19028
19034
19041
19048
53263
61675
61655
26984
26944
26963
26943
26980
26965
26960
26957
26977
26947
26990
26984
65361
65328
65326
65315
65351
65329
49181
49155
49172
49192
49175
49156
49160
49186
49168
49131
49183
49189
32101
32160
16296
16302
16296
47357
47304
47315
47303
47337
41088
41111
41070
41094
41080
41084
41056
41094
18298
18289
18288
18261
46219
46204
46233
46209
46227
46184
46233
46230
46217
46188
46205
46204
46208
46217
46243
46208
46187
9643
9596
9353
9307
9357
57946
57916
21601
21636
21625
21619
21590
21612
21630
8133
8146
8162
8167
8164
8153
8167
8159
8158
8111
8114
8115
22267
22226
22261
19490
19498
19519
19549
25362
53461
53461
53436
53417
53439
30243
30207
30247
30228
30201
30238
30251
64747
64748
64791
64795
64755
64768
64753
64775
64772
64771
64769
64768
64762
64788
64769
64767
64750
64742
64798
15203
2682
2651
2669
24416
24427
24394
24438
24441
24399
24426
24420
24435
24441
24433
24398
24455
24406
24413
24405
24444
24446
43804
43771
43810
43767
65360
65364
65340
28473
28464
28499
28473
28459
28503
28500
28474
28489
28474
7178
7154
7134
31676
31685
31656
31664
31661
31659
31641
31656
31651
31660
31640
31677
31694
31675
31675
31690
31683
31692
31636
31698
31693
31694
31696
31644
31691
31692
31641
31652
31676
31646
31684
31653
31644
47991
48039
47998
48005
48021
48009
48012
29928
29971
29943
29940
29914
29961
29945
29958
29943
29916
29956
29703
29740
29737
29737
29736
29700
29712
29696
29722
29730
29694
29727
29745
29736
8714
8657
8652
8690
8697
8704
8669
8712
8653
15982
15971
15997
15996
3722
3734
3741
3678
3681
3708
3691
3703
3703
3731
3700
3686
3684
47529
47468
47523
47527
47525
47481
47472
47501
47502
47523
47501
47495
47469
47498
47493
48940
48948
48929
48959
48899
28682
28692
28703
28662
28674
28656
28673
28671
28656
28658
28658
28699
28661
49579
49556
49534
49541
49566
49546
49556
49573
49532
49566
49577
50472
40522
40522
40531
40525
40546
40530
40555
40519
40555
40525
40581
40542
38877
33793
33780
33787
15236
15183
15186
15218
15223
48849
48841
48876
48859
48867
8319
8356
8372
8356
8371
8347
8331
8345
8349
8334
8346
8359
8356
16966
16966
16972
52131
52148
52106
52106
52142
52094
52148
52130
52111
52144
52124
28235
28211
28197
28222
28194
15936
15905
15939
15887
15937
15908
21500
21561
6975
6998
6996
6983
7029
7031
7018
7023
7029
6994
6986
7016
7003
7022
6980
7024
7016
6984
7022
34570
63020
62991
62978
62994
62998
62988
63022
63007
62986
63030
62999
63018
63024
63031
63005
63008
63032
62980
63016
63008
3749
3780
3756
3783
3740
3765
43025
43000
43017
43045
43007
43039
43009
42999
43026
43015
43044
43002
43021
43005
42995
43006
43019
42988
43029
43051
43047
43041
44307
44344
44301
44303
44340
44310
44360
44316
44351
44341
44344
44324
44341
44304
44335
44361
44332
22623
22612
22637
22613
22608
22602
22648
22603
22610
22621
22657
22604
22645
22607
22655
22619
22620
27640
42974
42990
43006
12162
12111
12115
12114
12162
12160
12110
12128
12161
12119
12136
41085
41085
41099
56271
56275
56262
56291
56283
23995
23987
24040
24009
3455
3452
45009
45038
45020
54779
54757
54773
54738
54731
54737
54770
54774
51463
51428
51463
47561
47599
47591
47608
47589
47596
47601
47614
47565
47578
47578
47623
47570
47622
47585
47589
47567
47619
47592
47561
47618
47605
47589
47593
34241
34225
34224
34237
34245
34219
34263
34213
34259
34219
34203
34202
34226
56821
56786
56794
56816
56775
56763
56782
56762
56806
30095
59640
41982
46304
46322
46343
46313
46323
14552
14562
3887
3890
3945
3902
3884
44398
44416
44373
44407
44375
44408
44390
44361
44384
44380
14463
56850
9216
60731
60691
60725
60711
60728
60710
60705
60700
60701
60734
60685
60719
60703
60695
60743
60689
60709
60718
60707
28348
60656
60663
60646
60663
60628
60669
60682
60662
60681
60678
60649
60649
60655
60651
60637
47959
47918
47920
47921
47948
47903
47940
47959
47948
31252
17480
17495
17496
17449
17506
4690
4706
4716
4723
4682
4688
32484
32444
32438
32450
32466
32430
32451
32486
32483
32439
32432
32486
32462
32442
32444
32456
9707
9669
1261
1216
1218
1255
1254
1253
1218
1230
61277
61286
61233
61255
61287
61234
61285
50951
50898
50927
40893
40863
40891
40860
40864
40898
40880
40893
40877
40875
60055
60038
60014
60039
60031
60028
60049
60041
60063
60006
60031
60052
25983
10666
10677
10672
14202
14167
14173
14209
14172
14221
14178
14184
14210
14190
14200
14177
14225
14181
14178
14180
14184
14200
39816
39859
39838
39839
39851
39802
39865
39840
39840
39857
39831
39844
39833
13443
62647
62678
62709
62685
62701
62701
62691
62690
62647
62675
62693
62665
63260
63263
63250
63218
63247
63216
63229
63244
63260
63244
63233
63231
63214
63220
63212
63208
63246
63207
26066
26057
26117
26088
58709
58743
58709
58704
58700
58753
58746
58698
58732
58721
58712
58703
62116
62165
62110
62158
62113
62138
62113
62130
62166
62140
32484
32525
32504
32527
31746
31775
31765
31767
31781
31790
31793
31752
27718
27723
27710
27729
27677
27693
27690
27708
27690
27733
27704
27719
27725
27700
27734
27703
44272
65432
65455
65446
65450
65426
65414
65410
65433
65448
65417
65448
65421
65428
65412
65445
65437
65438
65435
65450
65450
65458
65415
11563
11604
1714
1706
1667
1669
1683
1660
1675
1693
1660
1677
1684
1687
43961
7367
57357
44648
44674
44678
44645
44684
40354
40337
40380
40369
40383
40352
40342
40350
40359
40346
41810
41811
11058
11024
11052
11075
11043
11013
11069
11057
11030
9328
9313
9319
9317
9357
9349
9312
9299
9324
9333
9312
9355
10613
10618
10581
10631
49243
49223
36972
37001
32028
32045
32015
32036
32014
32007
32054
32041
32025
32043
32045
32049
32051
32051
32036
32009
32055
61954
61990
61965
61937
61956
61983
61978
61932
31442
31465
31472
31427
31471
4166
4132
10826
10834
10822
10838
10819
10832
59571
63043
63040
63075
63071
63086
31522
31548
31508
31533
31562
31523
31552
31558
31535
31555
31534
31530
31519
31537
31529
31537
31534
31533
31519
31515
44540
44548
36095
36094
36131
36105
36092
36088
36087
36082
36108
36096
36135
5772
5792
5790
5748
5762
5792
5752
5792
5788
5761
5778
5771
5749
5803
5749
5756
5770
5784
43928
43912
43914
907
923
965
52462
52508
52478
52515
52467
52485
52474
52463
52504
52500
52507
20601
20662
20603
20606
20619
20635
20634
20618
2247
50798
50756
50780
50774
61532
61552
22426
22411
22431
22423
22441
22411
22424
22406
22438
22430
22418
38464
38495
38499
38480
38466
38494
38515
38510
38464
38496
18111
18100
18109
18106
18136
18115
42485
42480
39394
39431
39388
39389
39391
39429
1837
1818
1828
1786
1817
1826
1834
1726
1726
1728
1688
1704
1697
1732
1705
1728
1719
1747
1725
1744
1732
1721
1687
1698
1732
1715
1697
40952
40961
40958
40981
40957
56098
56122
56109
56141
56122
25553
25498
25496
25546
25539
25543
25543
41127
41101
41154
41144
41153
41137
32703
51847
51861
8985
8989
8978
9004
8953
13796
13806
13767
19506
19522
634
9927
9903
9932
9925
9932
64206
64227
64203
64231
64215
64208
20749
7956
34487
34461
34451
34447
34496
5111
55941
55947
55914
55921
12880
12920
12915
12932
12916
12908
12914
12923
25416
52692
41614
41646
41662
54128
54114
54107
3295
3285
3300
3284
3244
3304
3292
3292
3252
3278
3285
3272
50193
50220
22852
22809
22837
22812
22821
22810
22849
22796
22837
22845
22810
22839
22836
22829
22802
22828
45562
45609
45570
45567
45564
45578
45591
45580
45573
45581
45570
45583
16782
16808
16815
13233
13254
13264
47071
47020
47052
28275
28292
28259
12604
12583
12566
12614
12610
12560
12616
45992
45997
45945
45999
45938
45962
45942
19308
19324
19294
19267
19277
19293
19273
19291
19327
36122
36086
53539
9578
9537
9572
9548
9569
9575
9590
9576
9585
9569
9553
9584
43074
43030
43055
43018
43013
43064
54002
53989
53998
53987
54019
54017
53987
54016
8162
8165
8219
8177
8193
8176
8182
8215
8167
27205
27209
27233
27196
60562
60602
60574
52285
52264
52278
52272
52274
52249
52264
52273
52256
52264
52300
52296
52290
52271
61575
61610
61629
59842
59866
39186
39235
39204
39213
39187
22587
43064
43068
43087
43072
43064
43084
43040
43076
43030
43038
43042
43071
43046
43037
43087
43059
43056
43089
43041
43057
43031
43072
18629
18594
47647
1003
32033
32036
32028
32040
27837
27801
27802
27814
27794
27796
27799
27809
27830
27846
27810
27839
27791
27818
27808
27831
27813
27815
27795
51938
51919
49255
49253
49299
49291
49310
49310
49285
48880
48842
48859
48835
48853
48850
48879
48884
48827
48871
48864
48872
15007
15018
14964
14966
57613
57591
57595
57563
57612
57590
57587
57609
57583
57558
57576
57595
23769
23798
23788
33234
63475
63456
63477
63486
63487
63467
48188
48172
48149
48182
48177
48188
53004
32707
32646
32659
32701
32663
32702
32685
32644
58453
58424
11410
11405
11378
11427
11423
11421
11410
11438
11419
13165
13179
13164
13207
13204
12298
12324
12305
26429
26462
26465
26476
26442
40868
40863
40851
40846
40871
40863
40846
40861
40847
7969
7937
7975
7982
7967
57395
57435
57397
10895
41558
41593
41586
41606
41587
46690
46724
46708
46715
46724
46672
43795
43816
43800
43781
43795
43801
48741
8652
8638
8637
8631
8649
8613
8612
8644
8661
8620
8610
38686
38741
38710
38725
34808
34805
34782
34801
34813
34787
17950
17990
17991
17946
17981
17971
18000
17994
17997
17963
17960
17963
17941
17964
17964
17964
17976
17941
47353
47377
47384
47371
47391
20050
20059
20090
52780
52765
52741
52782
52732
52124
52100
52116
52110
52086
12689
64316
64310
64316
64262
64309
64272
64266
64270
22239
22206
22206
25087
25090
28896
28894
28844
11124
11103
11133
11133
11088
39308
39290
39289
39288
39264
39285
39264
39311
39288
39265
41905
41872
41914
41866
41865
41873
41894
41901
157
36441
36440
36468
36431
36457
36489
36457
36445
36442
36476
36442
36443
36466
36468
36473
36431
36436
36458
36489
60567
48027
54872
54868
54882
54920
54872
54902
54882
54903
54868
54877
54885
42921
42902
42892
42863
42906
21542
21572
52084
52087
52114
52117
52089
10585
10589
26717
26733
26707
26761
26728
26727
26742
26737
26709
26732
26724
26714
26744
26714
26715
26724
26769
26741
29515
16745
16729
16719
30230
30213
30215
30213
30229
30188
30196
10396
10380
10418
10364
10368
10385
10394
10373
23335
23311
23321
23310
23303
59608
59635
1999
1999
2017
2031
1971
2019
2001
2031
1985
2033
1986
1993
27963
27931
27953
27937
36365
36386
36385
36406
36413
36388
36398
36368
36417
30223
30264
30219
30253
